Right 75-90
-0.035400, 0.032349, 0.014038, -1.430054, -11.176758, -15.882568
-0.035400, 0.032349, 0.014038, -13.576050, -15.510254, -39.136963
-0.035400, 0.032349, 0.014038, 9.617310, -0.617676, -33.765869
-0.035400, 0.032349, 0.014038, 2.109985, -1.228027, -34.437256
-0.035400, 0.032349, 0.014038, -2.223511, -8.002930, -39.197998
-0.035400, 0.032349, 0.014038, 6.504517, 6.218262, -35.413818
-0.035400, 0.032349, 0.014038, -4.848022, -2.814941, -25.343018
-0.035400, 0.032349, 0.014038, 3.574829, -7.514648, -8.802490
-0.035400, 0.032349, 0.014038, -4.054565, -3.120117, -9.656982
-0.035400, 0.032349, 0.014038, 3.452759, -3.852539, -12.769775
-0.035400, 0.032349, 0.014038, 4.978638, -4.096680, -26.014404
-0.035400, 0.032349, 0.014038, -3.566284, -2.387695, -18.995361

-0.035400, 0.032349, 0.014038, 1.804810, 2.312012, -0.074463
-0.035400, 0.032349, 0.014038, 19.993286, -1.716309, -35.169678
-0.035400, 0.032349, 0.014038, -3.566284, 6.340332, -29.676514
-0.035400, 0.032349, 0.014038, 3.574829, 4.936523, -14.295654
-0.035400, 0.032349, 0.014038, 0.767212, -6.416016, -11.549072
-0.035400, 0.032349, 0.014038, 10.899048, 13.237305, -22.474365
-0.035400, 0.032349, 0.014038, 3.025513, -0.129395, -18.323975
-0.035400, 0.032349, 0.014038, 11.204224, 0.847168, -31.446533
-0.035400, 0.032349, 0.014038, -7.594604, -4.279785, -16.553955
-0.035400, 0.032349, 0.014038, 11.448364, 1.152344, -11.427002
-0.035400, 0.032349, 0.014038, 1.072388, 7.438965, -25.281982
-0.035400, 0.032349, 0.014038, 1.743774, -3.852539, -21.070557
-0.035400, 0.032349, 0.014038, -5.519409, 1.457520, -11.610107

-0.035400, 0.032349, 0.014038, -0.026245, 1.640625, 8.348389
-0.035400, 0.032349, 0.014038, 16.453247, 8.415527, -17.896729
-0.035400, 0.032349, 0.014038, -1.674194, 8.476562, -21.925049
-0.035400, 0.032349, 0.014038, 7.603149, 4.631348, -11.182861
-0.035400, 0.032349, 0.014038, 1.743774, 6.828613, -18.690186
-0.035400, 0.032349, 0.014038, 5.894165, 2.800293, -18.262939
-0.035400, 0.032349, 0.014038, 9.861450, 7.377930, -25.953369
-0.035400, 0.032349, 0.014038, 12.791138, -1.166992, -15.089111
-0.035400, 0.032349, 0.014038, -1.491089, -3.486328, -23.756104
-0.035400, 0.032349, 0.014038, -4.542847, -2.509766, -10.999756
-0.035400, 0.032349, 0.014038, 6.382446, -2.692871, -26.319580
-0.035400, 0.032349, 0.014038, 2.354126, -2.082520, -5.384521

-0.035400, 0.032349, 0.014038, 0.095825, -0.556641, 4.014893
-0.035400, 0.032349, 0.014038, -2.284546, -1.655273, 5.113525
-0.035400, 0.032349, 0.014038, -1.002808, 0.236816, -13.685303
-0.035400, 0.032349, 0.014038, 10.593872, 16.777344, -24.366455
-0.035400, 0.032349, 0.014038, -7.960815, 6.218262, -21.619873
-0.035400, 0.032349, 0.014038, 0.095825, 5.363770, -21.192627
-0.035400, 0.032349, 0.014038, -0.392456, 11.345215, -21.619873
-0.035400, 0.032349, 0.014038, 3.696899, -11.848145, -16.187744
-0.035400, 0.032349, 0.014038, 6.565552, 5.607910, -16.492920
-0.035400, 0.032349, 0.014038, -2.528687, -3.730469, -16.431885
-0.035400, 0.032349, 0.014038, -0.392456, 8.354492, -18.629150
-0.035400, 0.032349, 0.014038, -2.284546, 4.082031, -10.267334

-0.035400, 0.032349, 0.014038, -0.758667, -1.166992, -25.037842
-0.035400, 0.032349, 0.014038, -9.486694, -6.904297, -21.497803
-0.035400, 0.032349, 0.014038, 5.650024, 10.551758, -43.287354
-0.035400, 0.032349, 0.014038, 2.537231, 7.683105, -23.328857
-0.035400, 0.032349, 0.014038, -2.955933, 0.480957, -11.732178
-0.035400, 0.032349, 0.014038, -0.209351, 6.584473, -8.802490
-0.035400, 0.032349, 0.014038, 1.926880, -1.472168, -28.638916
-0.035400, 0.032349, 0.014038, 6.077271, 0.725098, -27.479248
-0.035400, 0.032349, 0.014038, 1.926880, 6.828613, -15.943604
-0.035400, 0.032349, 0.014038, -1.430054, 2.189941, -8.741455
-0.035400, 0.032349, 0.014038, 3.880005, 3.532715, -9.046631
-0.035400, 0.032349, 0.014038, 4.978638, 5.241699, -11.182861

-0.035400, 0.032349, 0.014038, -0.636597, 6.950684, -2.882080
-0.035400, 0.032349, 0.014038, 11.936646, 2.922363, -23.511963
-0.035400, 0.032349, 0.014038, -0.636597, -12.092285, -28.455811
-0.035400, 0.032349, 0.014038, 9.983521, 1.640625, -54.029541
-0.035400, 0.032349, 0.014038, -1.307983, 2.678223, -28.455811
-0.035400, 0.032349, 0.014038, 0.034790, 0.847168, -27.235107
-0.035400, 0.032349, 0.014038, 15.720825, 4.509277, -33.948975
-0.035400, 0.032349, 0.014038, 5.039673, -4.401855, -32.972412
-0.035400, 0.032349, 0.014038, -8.082886, -4.401855, -23.756104
-0.035400, 0.032349, 0.014038, -0.941772, 4.387207, -17.713623
-0.035400, 0.032349, 0.014038, 6.504517, -4.523926, -9.962158
-0.035400, 0.032349, 0.014038, 0.828247, 4.936523, -8.924561

-0.035400, 0.032349, 0.014038, -5.824585, 3.166504, -1.600342
-0.035400, 0.032349, 0.014038, -1.185913, 5.424805, -31.019287
-0.035400, 0.032349, 0.014038, 0.462036, 7.438965, -36.512451
-0.035400, 0.032349, 0.014038, -5.397339, 11.101074, -18.568115
-0.035400, 0.032349, 0.014038, 6.565552, 3.288574, -34.742432
-0.035400, 0.032349, 0.014038, 8.213501, 15.617676, -32.301025
-0.035400, 0.032349, 0.014038, 5.405884, -0.800781, -18.934326
-0.035400, 0.032349, 0.014038, 8.335571, -0.678711, -31.873779
-0.035400, 0.032349, 0.014038, 3.025513, 0.603027, -8.497314
-0.035400, 0.032349, 0.014038, -1.002808, -2.570801, -16.981201
-0.035400, 0.032349, 0.014038, 2.476196, 4.631348, -16.492920
-0.035400, 0.032349, 0.014038, 7.236938, 6.645508, -13.624268

-0.035400, 0.032349, 0.014038, -2.894897, 4.082031, 4.442139
-0.035400, 0.032349, 0.014038, 8.274536, -7.392578, -23.695068
-0.035400, 0.032349, 0.014038, -0.514526, -4.584961, -23.756104
-0.035400, 0.032349, 0.014038, 5.344849, 1.518555, -23.817139
-0.035400, 0.032349, 0.014038, -11.622925, -3.730469, -19.727783
-0.035400, 0.032349, 0.014038, 5.772095, 5.363770, -25.953369
-0.035400, 0.032349, 0.014038, -3.261108, -5.256348, -11.121826
-0.035400, 0.032349, 0.014038, -1.796265, 4.936523, -30.531006
-0.035400, 0.032349, 0.014038, -4.237671, -0.617676, -15.577393
-0.035400, 0.032349, 0.014038, 3.025513, -0.800781, -13.441162
-0.035400, 0.032349, 0.014038, 2.293091, 11.650391, -30.775146
-0.035400, 0.032349, 0.014038, 2.415161, 0.664062, -12.037354

-0.035400, 0.032349, 0.014038, -0.880737, 3.227539, -7.947998
-0.035400, 0.032349, 0.014038, -0.880737, -9.467773, -26.502686
-0.035400, 0.032349, 0.014038, 4.551392, -1.044922, -26.990967
-0.035400, 0.032349, 0.014038, -26.027222, -4.890137, -46.461182
-0.035400, 0.032349, 0.014038, 7.114868, 14.274902, -31.202393
-0.035400, 0.032349, 0.014038, -8.265991, -10.871582, -20.887451
-0.035400, 0.032349, 0.014038, 7.847290, -6.110840, -19.910889
-0.035400, 0.032349, 0.014038, 6.016235, 4.631348, -34.254150
-0.035400, 0.032349, 0.014038, 5.650024, -10.993652, -18.507080
-0.035400, 0.032349, 0.014038, 0.156860, -6.660156, -12.708740
-0.035400, 0.032349, 0.014038, -1.063843, 1.335449, -14.722900
-0.035400, 0.032349, 0.014038, -11.622925, -22.163086, -21.253662

-0.035400, 0.032349, 0.014038, -1.124878, 3.654785, -7.093506
-0.035400, 0.032349, 0.014038, 10.654907, 1.274414, -35.535889
-0.035400, 0.032349, 0.014038, 11.631470, -2.814941, -36.146240
-0.035400, 0.032349, 0.014038, 22.434692, 5.058594, -29.981689
-0.035400, 0.032349, 0.014038, 11.997681, -2.143555, -7.459717
-0.035400, 0.032349, 0.014038, 14.378052, 7.011719, -19.727783
-0.035400, 0.032349, 0.014038, 8.335571, -1.166992, -23.511963
-0.035400, 0.032349, 0.014038, 12.119751, -15.998535, -17.896729
-0.035400, 0.032349, 0.014038, 0.950317, -5.561523, -13.258057
-0.035400, 0.032349, 0.014038, 3.147583, -7.636719, -15.333252
-0.035400, 0.032349, 0.014038, -10.585327, -12.092285, -13.380127
-0.035400, 0.032349, 0.014038, -9.059448, 2.189941, -11.365967

-0.035400, 0.032349, 0.014038, 21.580200, 7.316895, -18.995361
-0.035400, 0.032349, 0.014038, 1.743774, -1.533203, -48.963623
-0.035400, 0.032349, 0.014038, 6.931763, 1.945801, -37.000732
-0.035400, 0.032349, 0.014038, -6.251831, -6.354980, -8.497314
-0.035400, 0.032349, 0.014038, 4.612427, -0.739746, -19.117432
-0.035400, 0.032349, 0.014038, 5.588989, 4.997559, -21.070557
-0.035400, 0.032349, 0.014038, -0.026245, -2.753906, -23.084717
-0.035400, 0.032349, 0.014038, 5.222778, -2.448730, -16.737061
-0.035400, 0.032349, 0.014038, 1.743774, -0.373535, -10.938721
-0.035400, 0.032349, 0.014038, 1.377563, 4.753418, -9.718018
-0.035400, 0.032349, 0.014038, 3.025513, 0.847168, -9.168701
-0.035400, 0.032349, 0.014038, 1.011353, 0.969238, -8.680420

-0.035400, 0.032349, 0.014038, -0.209351, 2.312012, -21.314697
-0.035400, 0.032349, 0.014038, -2.711792, -3.242188, -25.953369
-0.035400, 0.032349, 0.014038, 2.293091, 2.678223, -22.047119
-0.035400, 0.032349, 0.014038, 4.307251, 2.556152, -10.877686
-0.035400, 0.032349, 0.014038, 5.466919, 10.429688, -26.990967
-0.035400, 0.032349, 0.014038, 11.692505, 16.655273, -21.558838
-0.035400, 0.032349, 0.014038, 3.880005, -6.904297, -21.741943
-0.035400, 0.032349, 0.014038, 4.612427, -12.763672, -34.071045
-0.035400, 0.032349, 0.014038, 0.462036, 0.786133, -18.079834
-0.035400, 0.032349, 0.014038, -9.425659, 5.791016, -23.023682
-0.035400, 0.032349, 0.014038, -3.749390, 6.035156, -18.446045
-0.035400, 0.032349, 0.014038, -8.204956, 3.959961, -22.169189

-0.035400, 0.032349, 0.014038, 3.269653, 7.561035, -21.619873
-0.035400, 0.032349, 0.014038, 16.819458, 7.805176, -46.156006
-0.035400, 0.032349, 0.014038, 18.711548, -15.266113, -50.489502
-0.035400, 0.032349, 0.014038, 4.429321, -3.242188, -13.990479
-0.035400, 0.032349, 0.014038, 3.452759, -1.533203, -33.521729
-0.035400, 0.032349, 0.014038, 1.499634, 1.640625, -23.695068
-0.035400, 0.032349, 0.014038, 5.588989, 3.288574, -26.563721
-0.035400, 0.032349, 0.014038, 2.903442, -4.584961, -29.310303
-0.035400, 0.032349, 0.014038, 1.377563, -5.195312, -21.497803
-0.035400, 0.032349, 0.014038, 3.818970, 2.800293, -17.835693
-0.035400, 0.032349, 0.014038, -4.115601, 1.213379, -14.295654
-0.035400, 0.032349, 0.014038, 0.217896, 0.114746, -5.872803

-0.035400, 0.032349, 0.014038, -7.716675, 4.204102, -97.303467
-0.035400, 0.032349, 0.014038, 5.222778, -6.965332, -57.996826
-0.035400, 0.032349, 0.014038, 4.368286, 16.472168, -20.338135
-0.035400, 0.032349, 0.014038, -14.735718, -7.697754, -31.812744
-0.035400, 0.032349, 0.014038, 1.682739, 4.387207, -10.877686
-0.035400, 0.032349, 0.014038, 10.471802, 9.453125, -16.737061
-0.035400, 0.032349, 0.014038, 1.682739, -5.256348, -25.404053
-0.035400, 0.032349, 0.014038, 1.682739, -1.899414, -20.216064
-0.035400, 0.032349, 0.014038, 2.476196, 1.762695, -19.056396
-0.035400, 0.032349, 0.014038, -2.467651, -5.683594, -14.661865
-0.035400, 0.032349, 0.014038, -5.519409, 5.729980, -8.985596
-0.035400, 0.032349, 0.014038, 1.072388, 4.082031, -2.698975

-0.035400, 0.032349, 0.014038, -2.040405, -2.875977, -1.600342
-0.035400, 0.032349, 0.014038, 6.504517, 2.006836, -8.497314
-0.035400, 0.032349, 0.014038, -4.054565, 9.453125, -58.179932
-0.035400, 0.032349, 0.014038, -1.307983, -12.946777, -28.455811
-0.035400, 0.032349, 0.014038, -4.420776, 5.852051, -24.000244
-0.035400, 0.032349, 0.014038, 8.945923, 8.354492, -25.220947
-0.035400, 0.032349, 0.014038, 2.415161, 2.739258, -18.812256
-0.035400, 0.032349, 0.014038, 9.495239, 4.448242, -15.943604
-0.035400, 0.032349, 0.014038, 7.481079, 0.908203, -11.793213
-0.035400, 0.032349, 0.014038, 4.307251, 0.297852, -9.290771
-0.035400, 0.032349, 0.014038, 1.499634, 5.241699, -9.840088
-0.035400, 0.032349, 0.014038, -4.909058, -0.434570, 14.451904

-0.035400, 0.032349, 0.014038, -6.068726, 2.495117, -4.652100
-0.035400, 0.032349, 0.014038, -2.467651, 1.945801, -17.957764
-0.035400, 0.032349, 0.014038, -7.350464, 0.358887, -25.281982
-0.035400, 0.032349, 0.014038, -14.918823, -11.542969, -19.483643
-0.035400, 0.032349, 0.014038, -4.481812, -0.556641, -34.925537
-0.035400, 0.032349, 0.014038, 3.757935, -2.265625, -39.320068
-0.035400, 0.032349, 0.014038, 5.711060, 2.739258, -36.939697
-0.035400, 0.032349, 0.014038, 8.762817, -1.716309, -16.431885
-0.035400, 0.032349, 0.014038, 2.048950, -7.575684, -16.798096
-0.035400, 0.032349, 0.014038, 5.466919, -4.523926, -28.089600
-0.035400, 0.032349, 0.014038, -0.087280, -6.904297, -19.544678
-0.035400, 0.032349, 0.014038, -5.824585, -4.462891, -20.399170

-0.035400, 0.032349, 0.014038, -2.101440, 0.236816, -22.718506
-0.035400, 0.032349, 0.014038, 0.401001, 0.847168, -23.145752
-0.035400, 0.032349, 0.014038, -1.369019, 4.020996, -30.958252
-0.035400, 0.032349, 0.014038, 1.926880, 3.166504, -27.540283
-0.035400, 0.032349, 0.014038, 2.537231, 7.194824, -23.511963
-0.035400, 0.032349, 0.014038, -3.322144, -1.411133, -19.971924
-0.035400, 0.032349, 0.014038, 1.011353, 2.495117, -14.722900
-0.035400, 0.032349, 0.014038, 4.246216, -1.105957, -16.187744
-0.035400, 0.032349, 0.014038, 0.217896, 2.312012, -22.535400
-0.035400, 0.032349, 0.014038, -2.894897, 5.424805, -13.868408
-0.035400, 0.032349, 0.014038, -3.444214, -0.068359, -15.455322
-0.035400, 0.032349, 0.014038, -4.237671, 1.091309, -0.745850

-0.035400, 0.032349, 0.014038, -3.016968, -1.594238, 10.301514
-0.035400, 0.032349, 0.014038, 0.889282, 4.509277, -18.629150
-0.035400, 0.032349, 0.014038, -1.857300, 0.175781, -29.737549
-0.035400, 0.032349, 0.014038, -19.496460, -12.092285, -37.000732
-0.035400, 0.032349, 0.014038, -7.472534, 2.373047, -30.653076
-0.035400, 0.032349, 0.014038, -2.955933, 5.180664, -41.944580
-0.035400, 0.032349, 0.014038, 1.865845, -0.251465, -26.197510
-0.035400, 0.032349, 0.014038, 2.109985, 11.101074, -20.643311
-0.035400, 0.032349, 0.014038, -7.716675, 5.058594, -26.197510
-0.035400, 0.032349, 0.014038, 1.438599, 1.945801, -24.732666
-0.035400, 0.032349, 0.014038, 5.222778, 4.875488, -16.004639
-0.035400, 0.032349, 0.014038, 0.156860, 3.410645, -13.013916

-0.035400, 0.032349, 0.014038, 0.156860, -38.459473, 37.095947
-0.035400, 0.032349, 0.014038, 11.082153, -18.684082, 2.244873
-0.035400, 0.032349, 0.014038, -4.909058, -6.293945, -45.118408
-0.035400, 0.032349, 0.014038, 3.391724, -6.538086, -17.408447
-0.035400, 0.032349, 0.014038, 5.405884, 0.175781, -36.634521
-0.035400, 0.032349, 0.014038, 7.542114, 2.250977, -21.070557
-0.035400, 0.032349, 0.014038, 2.842407, -0.495605, -16.370850
-0.035400, 0.032349, 0.014038, 2.476196, 0.786133, -16.126709
-0.035400, 0.032349, 0.014038, 1.621704, 2.678223, -13.807373
-0.035400, 0.032349, 0.014038, 0.950317, -5.866699, -23.450928
-0.035400, 0.032349, 0.014038, -9.120483, -10.688477, -10.145264
-0.035400, 0.032349, 0.014038, -7.228394, 1.701660, -21.741943

-0.035400, 0.032349, 0.014038, 0.156860, -3.852539, 0.535889
-0.035400, 0.032349, 0.014038, 2.842407, 11.711426, -61.353760
-0.035400, 0.032349, 0.014038, 9.312134, -10.078125, -58.607178
-0.035400, 0.032349, 0.014038, 7.359009, 13.298340, -26.868896
-0.035400, 0.032349, 0.014038, 7.603149, 8.598633, -33.155518
-0.035400, 0.032349, 0.014038, 8.091431, 7.011719, -20.216064
-0.035400, 0.032349, 0.014038, 11.875610, -4.890137, -35.780029
-0.035400, 0.032349, 0.014038, 7.664185, -5.134277, -19.361572
-0.035400, 0.032349, 0.014038, -5.702515, 2.312012, -16.309814
-0.035400, 0.032349, 0.014038, -1.674194, 1.335449, -19.666748
-0.035400, 0.032349, 0.014038, 2.048950, 0.297852, -7.215576
-0.035400, 0.032349, 0.014038, -2.955933, -2.448730, 2.794189


-0.035400, 0.032349, 0.014038, -1.979370, 2.617188, 2.183838
-0.035400, 0.032349, 0.014038, 1.316528, -10.749512, -25.831299
-0.035400, 0.032349, 0.014038, -3.932495, -12.214355, -47.071533
-0.035400, 0.032349, 0.014038, 1.255493, 5.974121, -31.202393
-0.035400, 0.032349, 0.014038, -0.331421, 5.180664, -28.699951
-0.035400, 0.032349, 0.014038, 1.011353, 12.993164, -31.324463
-0.035400, 0.032349, 0.014038, 5.161743, -6.965332, -32.056885
-0.035400, 0.032349, 0.014038, 3.452759, -1.044922, -21.802979
-0.035400, 0.032349, 0.014038, 1.621704, 1.640625, -16.614990
-0.035400, 0.032349, 0.014038, -3.627319, 3.959961, -21.314697
-0.035400, 0.032349, 0.014038, -0.209351, 12.382812, -19.788818
-0.035400, 0.032349, 0.014038, -0.026245, 6.157227, -26.441650

0.030518, -0.015259, 0.010986, 0.578003, 4.918213, -12.891235
-0.030518, -0.015259, 0.010986, -15.779419, 6.444092, -55.005493
0.091553, -0.015259, -0.050049, -9.736938, 0.584717, -38.403931
0.030518, 0.045776, 0.010986, -2.229614, 0.340576, -26.868286
0.030518, 0.045776, -0.050049, 10.587769, 4.185791, -25.159302
0.030518, -0.015259, 0.072021, 8.390503, -0.819092, -28.821411
0.030518, 0.045776, 0.010986, 6.803589, -12.965088, -24.365845
0.030518, 0.045776, 0.010986, 5.643921, -0.269775, -19.666138
0.030518, -0.015259, -0.050049, 1.188354, -7.105713, -22.778931
0.030518, 0.045776, -0.050049, -3.328247, 4.613037, -17.163696
0.030518, -0.015259, 0.010986, 2.103882, 2.598877, -16.431274
0.030518, -0.015259, -0.050049, 1.615601, 0.706787, -8.557739


